1||1T10,2T10,3T10,4T10,1T11,2T11,3T11,4T11,1T12,2T12,3T12,4T12,1T13,2T13,3T13,4T13,1T14,2T14,3T14,4T14,1T15,2T15,3T15,4T15,1T16,2T16,3T16,4T16,1T17,2T17,3T17,4T17,1T18,2T18,3T18,4T18,1T19,2T19,3T19,4T19,1T20,2T20,3T20,4T20,1T21,2T21,3T21,4T21,1T22,2T22,3T22,4T22,1T23,2T23,3T23,4T23,1T24,2T24,3T24,4T24,1T25,2T25,3T25,4T25,1T26,2T26,
395|Lançamentos 100% | com permuta|596,1000,1359,4505,1152,1654,1756.9,3342,889.9,1090,1517.7,2100,955.2,1762.2,1234.2,2695,1915,890,783,2260,463,1066,610,760,613,598,452,1274,612,640,532,1269,434,981,918,2705,547,2087,1777,2389,1064.57,254.2,1651.15,2873.35,421.35,1929.08,2199.7,2554.86,1037.66,2326.31,2927.76,2821.37,1344.74,3514.48,2164.57,2743.63,1699.95,1461.46,3122.58,6736.94,4862.22,4126.46,5049.98,4531.35,2428.35,4966.52,
401|Alto Padrão|272.61,535.31,987.5,3498.35,707.63,976.39,1394.76,2324.17,721.87,545.93,903.4,766.55,752.17,689.25,967.79,1540.98,1588.93,526.95,487.77,1363.5,132.85,459.86,509.51,432.57,222.07,202.06,75.92,408.37,490.78,133.02,109.1,435.45,114.21,318,373.95,1452.97,141.9,867.63,541.29,727.29,486.33,0,1001.84,1245.59,307.25,1187.07,1376.16,867.51,615.37,1149.48,1291.33,1510.85,687.98,1811.05,1086.18,1491.01,1020.76,726.54,1481.79,4434.36,3194.01,1707,3266.97,2087.03,988,1974,
402|Médio|246.79,171.72,301.2,751.86,172.27,503.58,316.93,889.01,134.44,427.54,489.59,632.78,0,446.54,266.41,245.59,189.93,363.3,173.91,538.33,234.94,415.72,73.5,215.74,229.64,294.8,109.68,406.29,0,255.75,129.08,568.93,0,198.5,219.99,335.78,125.28,531.72,194.35,444.33,113,144.9,315.62,490.24,51.51,228.77,311.08,1053.27,305.29,865.77,1475.3,1233.44,543.29,1267.56,495.18,900.51,228.43,267.02,934.2,883.61,619.96,1104,322.58,859.74,478,1554,
403|MCMV 2 e 3|76.9,420.42,135.09,276.53,174.26,137.17,104.97,296.99,33.63,115.96,124.72,700.82,203.04,626.45,0,908.07,135.98,0,120.88,358.65,94.71,190.5,27.07,111.48,161.41,101.25,266.34,459.37,120.97,251.63,293.68,264.83,320.04,464.87,324.36,916.45,175.22,128.63,253.09,226.08,465.24,109.29,333.69,1137.52,62.58,513.23,512.46,634.07,117.01,311.05,161.13,77.07,113.47,435.87,583.21,352.11,450.76,467.9,706.59,1418.97,1048.25,1316,1460.43,1584.58,963,1439,
431|Venda Líquida 100% | com permuta|1065.752,1539.902,1025.369,2541.385,998.625,1668.034,1448.714,2381.727,1220.164,1314.136,1755.472,1716.437,1358.7,2181.1,1360.6,2274.7,1547.8,1258,992,1886.8,723,814,1009,844,544,558,573,1090,520,756,730,1253,613,1061,943,2439,1044,1917,1554,2060,846.19,512.38,1711.63,1860.19,1030.91,1559.96,1365.61,1574.51,1312.49,1622.04,2285.71,2690.93,1544.56,2491.23,2263.19,2592.93,2147.13,2371.5,3200.58,4904.96,3028.85,3257.88,3546.84,3329.59,2941.58,3466.76,
436|Alto Padrão|654.235,1105.473,719.348,1984.825,686.872,1205.647,1148.638,1678.905,873.014,838.351,1207.344,621.218,848.126,1086.928,893.291,1208.708,1162.268,721.443,609.674,1131.697,408.168,402.625,613.18,459.797,224.016,294.301,190.938,499.474,278.959,315.908,238.338,442.455,207.178,458.684,419.188,1479.968,428.999,717.994,587.265,742.732,359.106,197.933,1012.187,915.277,516.516,970.07,893.447,763.759,659.145,748.579,1094.33,1421.243,734.141,1250.671,1063.023,1255.246,1209.607,1085.432,1622.409,2997.1,1551.034,1237,2164.202,1406.735,1300,1242,
437|Médio|191.474,205.138,198.492,308.335,139.225,326.679,214.238,425.133,246.613,403.092,382.9,280.074,205.795,489.611,345.799,298.146,222.092,398.971,293.244,436.288,191.411,191.245,218.222,260.34,139.978,136.053,126.517,254.177,87.413,215.792,249.093,497.106,101.868,210.812,204.206,343.482,237.558,483.296,383.951,464.114,218.157,168.702,483.423,428.483,183.91,208.253,221.88,406.375,327.753,420.808,918.66,991.895,282.139,633.799,618.716,837.511,410.568,689.389,860.21,854.628,594.006,701,422.918,802.09,456,855,
438|Vivaz Prime|,,,,,,,,,,,,,,,,,,,,,,,,,,,,,,,,,,,,,,,,,,,,,,,,120.732,128.892,262.95,230.639,228.733,148.286,58.506,105.391,116.968,129.591,60.76,38.508,7.769,18,28.318,14.865,-6,7,
439|MCMV 2 e 3|220.042,229.291,107.53,248.225,172.528,135.708,85.838,277.689,100.536,72.693,165.228,815.144,304.684,604.593,121.542,767.832,163.352,137.175,89.086,318.843,123.048,219.787,177.873,123.89,179.571,128.025,255.895,336.617,153.593,224.584,242.199,313.73,304.046,391.438,319.122,615.731,106.474,104.182,152.15,180.599,268.926,145.743,216.017,516.435,330.486,381.632,250.277,404.381,325.589,452.654,272.727,277.799,299.539,458.478,522.945,394.787,409.986,467.094,657.198,1014.719,876.043,1303,931.4,1105.9,1192,1363,
442|Total |1.788,1.54,0.755,0.564,,,,,,,,,0.179,0.269,0.184,0.255,0.185,0.156,0.127,0.206,0.093,0.102,0.128,0.111,0.076,0.079,0.082,0.142,0.073,0.104,0.105,0.167,0.093,0.154,0.141,0.295,0.168,0.27,0.222,0.263,0.122,0.081,0.233,0.213,0.175,0.229,0.178,0.174,0.154,0.17,0.206,0.229,0.148,0.204,0.19,0.207,0.185,0.217,0.271,0.318,0.196,0.197,0.192,0.17,0.157,0.17,
443|Lançamentos |,,,,,,,,,,,,0.563,0.623,0.435,0.531,0.475,0.335,0.321,0.421,0.315,0.362,0.467,0.371,0.385,0.421,0.613,0.498,0.183,0.306,0.502,0.444,0.29,0.515,0.491,0.657,0.512,0.57,0.437,0.453,0.44,0.542,0.594,0.383,0.407,0.402,0.332,0.314,0.509,0.32,0.413,0.582,0.356,0.398,0.456,0.464,0.53,0.51,0.62,0.567,0.328,0.384,0.412,0.378,0.449,0.334,
444|Estoque |,,,,,,,,,,,,-2146826281,-2146826281,-2146826281,-2146826281,-2146826281,-2146826281,-2146826281,-2146826281,0.079,0.062,0.1,0.082,0.047,0.047,0.045,0.071,0.062,0.084,0.072,0.111,0.079,0.094,0.085,0.119,0.135,0.145,0.149,0.179,0.065,0.084,0.172,0.177,0.157,0.16,0.116,0.119,0.105,0.122,0.132,0.118,0.118,0.126,0.131,0.135,0.126,0.172,0.146,0.125,0.136,0.135,0.109,0.108,0.114,0.117,
502|Estoque | 100%|,,,,,,,,,,,,,,,,,,,,6918,7250,6853,6563,6480,6558,6413,6538,6646,6441,6212,6175,5914,5788,5575,5665,5020,5211,5447,5862,4479.74,4248.45,4301.2,5474.37,4894.82,5481.96,6480.64,7472.86,7215.17,8141.06,8911.03,9068.98,8693.63,9766.86,9761.04,9934.01,9477.62,8669.82,8692.99,10554.44,12408.09,13382.85,15043.27,16255.03,15416.17,17181.21,
505|Estoque Pronto|,,,,,,,,,,,,,,,,,,,,1557,1791,1743,1627,1957,2108,2142,2402,2453,2466,2656,2588,2595,3102,2843,2493,2216,2041,1854,1804,1717.16,1607.53,1460.98,1529.15,1269.28,1122.75,972.66,987.34,1042.67,1073.27,1283.48,1199.26,1248,1249.31,1382.4,1586.48,1417.12,1314.27,1315.63,1514.61,1538.57,1966.54,2068.25,2243.28,2066.47,2148.33,
517|Estoque 100% | Alto Padrão|,,,,,,,,,,,4622.333,4431.729,4199.616,4307.752,4675.4,5231.733,5202.963,5104.517,5286.016,4844.079,4964.601,4825.454,4614.629,4507.884,4475.285,4314.352,4173.368,4410.686,4164.815,3990.147,3947.92,3784.283,3600.561,3506.327,3270.28,2856.73,3066.815,2984.444,2989.153,3026.726,2837.874,2796.51,3231.03,3088.017,3425.348,3980.698,4084.049,4025.368,4563.214,4829.898,4840.468,4720.322,5294.369,5395.784,5647.464,5441.441,5107.313,4965.578,6338.683,7982.847,8475.399,9620.541,10246.624,9668.903,10506.025,
518|Estoque 100% | Médio|,,,,,,,,,,,1534.666,1475.632,1486.528,1541.207,1556.806,1538.453,1479.702,1439.23,1672.102,1680.318,1735.149,1615.703,1542.634,1586.668,1727.462,1712.625,1853.511,1748.961,1750.282,1670.337,1712.834,1381.217,1364.439,1368.498,1354.867,1098.125,1152.202,968.465,965.224,859.624,839.081,687.976,780.399,672.64,725.999,843.444,1522.707,1110.754,1454.239,1943.777,2223.629,2109.292,2761.01,2644.899,2721.829,2561.834,2193.241,2327.895,2391.653,2439.062,2875.982,2827.789,2898.708,2833.905,3611.752,
519|Estoque 100% | Vivaz Prime|,,,,,,,,,,,,,,,,,,,,,,,,,,,,,,,,,,,,,,,,,,,,,,,,482.207,648.486,714.98,726.421,799.019,661.343,600.856,485.69,344.402,218.598,162.361,127.184,124.784,110.909,84.996,72.542,80.261,77.51,
520|Estoque 100% | MCMV 2 e 3|,,,,,,,,,,,469.405,432.538,477,384.588,471.801,416.685,337.575,361.696,373.011,394.317,550.53,412.165,405.956,385.432,355.614,385.285,510.453,486.251,526.249,551.698,514.766,747.305,824.295,699.519,1038.918,193.689,226.146,336.463,385.666,593.392,571.496,816.715,1462.936,1134.167,1330.615,1656.502,1866.101,1596.843,1475.125,1422.375,1278.466,1064.995,1050.14,1119.501,1079.026,1129.944,1150.67,1237.156,1696.918,1861.399,1920.563,2509.946,3037.152,2833.097,2985.924,
529|Estoque pronto 100% | Alto Padrão|,,,,,,,,,,,704.298,605.176,621.456,676.014,621.627,720.555,708.073,841.872,928.777,1037.521,1242.175,1171.357,1042.144,1381.213,1495.952,1544.759,1684.366,1707.648,1692.41,1837.653,1834.342,1745.674,2237.004,2089.346,1798.372,1516.699,1484.16,1372.851,1381.773,1348.165,1275.646,1181.171,1319.671,1094.914,947.98,820.959,798.323,869.367,874.184,954.854,855.183,858.563,848.917,978.921,1127.049,1009.776,915.304,957.105,1098.298,1104.044,1489.899,1581.86,1544.015,1375.117,1475.855,
530|Estoque pronto 100% | Médio|,,,,,,,,,,,156.091,153.653,138.187,175.382,268.021,238.474,249.833,267.128,338.614,385.302,422.936,422.671,424.06,421.234,464.585,458.982,586.444,622.226,659.96,713.702,637.599,691.666,706.927,726.043,651.518,589.104,529.256,437.97,375.242,330.689,290.129,235.871,159.748,140.903,132.334,114.111,137.958,129.514,134.786,210.56,215.23,215.912,222.218,215.599,256.837,231.36,252.474,227.078,238.776,257.068,303.702,347.513,504.533,496.662,500.035,
531|Estoque pronto 100% | Vivaz Prime|,,,,,,,,,,,,,,,,,,,,,,,,,,,,,,,,,,,,,,,,,,,,,,,,,,,,,,,,,0.347,0.349,9.727,12.387,27.734,31.555,72.542,80.261,77.51,
532|Estoque pronto 100% | MCMV 2 e 3|,,,,,,,,,,,92.297,84.611,79.044,84.639,81.272,140.005,127.418,134.387,111.421,133.982,126.272,149.047,161.025,154.307,147.785,137.769,131.184,122.799,113.712,105.143,115.841,157.633,158.362,27.386,42.674,15.71,14.655,24.503,32.319,38.301,41.757,43.943,49.73,33.459,42.436,37.586,51.055,43.79,64.299,118.067,128.847,173.527,178.175,187.878,202.598,175.98,146.148,131.093,167.807,165.073,145.202,107.323,122.192,114.428,94.931,
21|Net Operating Revenue|1132.448,1205.835,1162.549,1389.273,1200.7,1380.4,1559.6,1983.5,1443.1,1478.1,1432.3,1435.5,1215.3,1372.5,1394.4,1389.5,1315.4,1358.3,1613.7,1530.5,1035.2,1128.7,1137.8,1030.6,810.7,737.3,824.8,918.8,692.4,575,598,809,450,640,725,1332,826,936,935,1234,764.75,838.81,1163.5,1056.63,1003.73,1182.02,1288.34,1316.74,1231.65,1250.08,1559.64,1370.92,1283.43,1633.06,1625.99,1710.23,1572.91,1856.86,2029.65,2506.27,1952.74,2107.13,2128.45,3235.17,2025.03,2480.87,
24|Alto Padrão|868.3,875.9,833.7,954.7,804.9,953.8,1143.7,1406.4,1011.2,947.6,973.7,997.8,716.9,1123.4,910.2,982,936.4,855.4,1087.7,767.3,587.6,751.2,587.2,645.4,472.3,449,537.7,568.5,454.2,357.5,233.2,367,223.1,288.1,271.6,862.8,428,392.4,428,596.2,283.6,323.2,674.5,622.9,452.2,729.2,739.4,767.6,758.9,551,780.4,683.9,698.8,776.3,777.8,926.5,906.6,920.3,1101.7,1478.8,1137.9,990.6,1125.4,1998.1,1083.5,1303.4,
25|Médio|235.2,283.3,301.8,403.1,365.1,403.2,381.3,544.6,411.7,507.1,425.9,466.1,464.5,226.9,453.2,361.9,346.8,472.8,476.7,711.8,412.5,362.7,505.7,350.8,305.4,135.9,263.1,342.9,205.1,180.9,244.2,419.5,193.5,263.9,397.3,497.9,359.9,0,322.3,372.7,225.9,268.2,360.2,301.4,302.2,267,328.2,319.8,208,346.2,493.7,418.8,332.4,536.4,512.3,537.5,481.3,701.8,683.3,734.7,578.7,734.8,645.2,772.8,460,659,
26|MCMV 2 e 3|0,0,0,0,0,0,0,0,0,0,0,0,0,0,0,0,0,0,0,0,0,0,0,0,0,0,0,0,0,0,0,0,0,0,0,0,0,0,182,265.7,247.1,229.2,102.3,113.3,224.9,165.3,205.8,220.7,257.7,337.7,276.2,264.4,246.8,315.4,332.7,236.6,175.7,227,262.4,286.8,218.1,369.8,338.2,449.6,461.2,500.9,
27|Outros|28.948,46.635,27.049,31.473,30.7,23.4,34.6,32.5,20.2,23.4,32.7,-28.4,33.9,22.2,31,45.6,32.2,30.1,49.3,51.4,35.1,14.8,44.9,34.4,33,152.4,24,7.4,33.1,36.6,120.6,22.5,33.4,88,56.1,-28.7,38.1,543.6,2.7,-0.6,8.15,18.21,26.5,19.03,24.43,20.52,14.94,8.64,7.05,15.18,9.34,3.82,5.43,4.96,3.19,9.63,9.31,7.76,-17.75,5.97,18.04,11.93,19.65,14.67,20.33,17.57,
166|Entregas | VGV 100%|,,,,,,,,575.194,1442.693,2011.346,1806.7,1003.89,1511.209,1534.984,1733.647,1539.94,1846.901,1601.262,1810.409,2362.031,1893.967,1379.08,1171.512,1984.926,2132.133,1381.377,2396.052,1054.534,1197.139,1532.427,1665.503,1005.337,2145.053,640.718,486.265,182.919,365.83,777.862,1646.747,231.298,112.548,461.894,661.933,399.685,391.675,642.342,781.486,778.68,833.476,1628.318,1277.394,1097.849,1259.097,1544.703,2093.051,675.615,1132.178,1123.339,2340.016,700.24,1969.841,2252.237,2915.152,1130.258,2205.832,
167|Alto Padrão|,,,,,,,,28.796,923.775,1352.64,1572,617.7,1279.303,1159.724,961.593,1249.72,1127.765,1339.511,1219.181,1794.34,1357.327,568.507,676.231,1484.868,1561.711,989.674,1514.951,600.098,762.561,889.021,948.779,287.363,1587.274,25.047,47.922,0,319.782,444.57,1295.791,88.56,42.08,263.369,601.293,399.685,56.663,505.077,272.462,723.001,183.503,956.501,600.719,418.464,595.439,699.142,1034.985,339.353,282.91,787.014,1368.792,374.815,1343.683,1075.007,410.454,239.59,1261.509,
168|Médio|,,,,,,,,454.208,364.908,271.846,114.721,229.901,167.711,192.059,402.563,64.088,582.364,261.751,546.694,331.323,386.75,479.399,321.45,339.678,172.503,315.908,591.282,100.782,353.825,499.582,273.857,484.634,270.285,260.021,115.092,182.919,46.048,333.292,297.611,142.738,70.467,198.524,60.64,0,199.519,61.766,319.518,55.678,240.061,156.323,433.125,344.829,255.7,305.807,400.64,90.652,389.831,124.915,254.969,236.418,368.319,544.37,1152.38,325.97,903.593,
169|Vivaz Prime|,,,,,,,,,,,,,,,,,,,,,,,,,,,,,,,,,,,,,,,,,,,,,,,,,,,,,,,,,,,231.83,0,141.196,432.216,931.784,0,0,
170|MCMV 2 e 3|,,,,,,,,92.19,154.01,386.861,119.979,156.289,64.196,183.202,369.491,226.133,136.771,0,44.534,236.368,149.89,331.174,173.831,160.38,397.918,75.795,289.82,353.655,80.753,143.824,442.867,233.341,287.493,355.65,323.251,0,0,0,53.345,0,0,0,0,0,135.492,75.498,189.506,0,409.912,515.493,243.55,334.556,407.958,539.754,657.426,245.61,459.437,211.41,484.426,89.007,116.642,200.644,420.534,564.698,40.73,
